200 2026
6.195589 66.048244
61.113470 94.558096
99.157532 26.131041
63.349252 15.740604
77.304628 60.317177
3.035476 19.047504
17.300917 25.999365
71.677847 85.871718
27.455703 19.099120
28.608582 94.012852
45.375816 43.139701
92.167293 83.015893
77.533311 47.269465
13.615450 84.365046
61.615455 37.507635
93.746073 91.345607
33.692653 17.612259
95.211505 75.198214
12.966269 89.052556
35.549240 64.621660
9.045990 73.951119
32.094868 53.199663
45.910995 60.305705
56.372176 43.346431
75.140490 94.607518
89.872179 22.774988
59.439068 67.858137
73.203518 80.601453
29.495485 64.389396
57.799304 34.368987
3.901873 56.224244
41.881054 98.093280
30.022536 95.053002
18.548474 64.321315
34.819705 60.261615
35.277697 71.187753
93.183105 27.246140
37.033526 60.272775
71.856276 60.241360
78.948348 22.522545
5.387771 41.177941
75.638722 9.704391
8.744041 4.085663
48.933021 41.628610
94.419406 20.967663
35.635872 75.865326
3.841350 31.610103
74.836993 94.749811
9.167334 69.448207
89.622943 69.709867
37.767822 67.018159
74.518753 11.412681
59.518312 2.606020
60.535871 62.647651
37.692283 8.038271
89.461494 54.510252
25.025085 84.087165
7.724977 33.417600
13.558654 65.157852
70.513856 3.987038
8.934347 32.824485
70.515547 68.892661
56.555754 81.535319
57.915693 36.111864
44.302874 64.823762
26.809378 35.597538
11.529964 48.021299
47.279728 86.624426
75.516134 51.268988
95.776753 78.208165
10.288489 41.444670
38.722099 69.189428
47.878364 88.451033
39.014876 19.288480
47.348656 65.004496
26.416488 98.045000
43.264796 24.174188
80.443704 22.052750
3.680961 98.022367
5.882450 25.881695
99.503861 0.224149
79.419633 95.805011
34.462289 28.722798
22.589927 84.576108
12.195021 64.533047
13.533864 49.138960
35.463651 94.992866
14.465388 52.295019
19.107527 51.963683
77.511343 80.686387
93.321007 13.758656
57.705488 9.836423
34.869216 10.000086
86.537535 8.395793
6.393932 94.344281
35.104816 55.937648
7.314972 96.425603
48.442279 7.840451
82.815482 54.520924
53.240623 36.127221
69.267048 51.143336
16.319448 48.336595
23.956578 7.464846
29.668342 90.446351
28.404447 25.022643
13.699564 77.439879
49.924482 68.845609
21.881277 18.712796
83.379229 95.377244
46.427015 6.921883
68.928670 20.212564
56.410392 66.556913
68.984354 40.537684
92.479336 93.366637
68.101056 56.872614
45.856196 50.731875
10.655821 39.641309
78.261488 19.357070
14.933701 2.445512
53.472773 30.033651
15.072961 49.661435
53.765109 68.802822
47.726110 25.451260
26.219518 3.048109
48.377451 55.290973
91.654907 55.497917
28.395045 19.243159
7.605870 13.857281
85.987354 72.973910
51.308980 94.322485
38.607471 36.750726
25.833171 43.622104
58.398251 87.476370
93.254685 86.699063
34.726891 50.603587
86.130265 95.727392
58.367207 39.855415
50.057082 47.765136
72.631462 34.381434
5.545207 49.226788
0.460354 25.871140
25.928640 62.391318
96.377575 16.521440
99.401625 63.332493
99.527954 73.576631
61.645662 24.901990
85.038911 66.970489
67.235939 94.869892
24.844951 54.825800
81.719146 10.951275
7.834165 0.116797
85.399019 48.335200
26.868925 86.111778
49.667855 2.051104
61.755562 65.617597
58.941960 72.315545
59.835613 29.535385
68.707129 4.140940
57.747510 46.760450
75.914320 8.354000
95.021731 32.376619
41.565550 14.620515
93.676821 7.952609
91.304968 77.562381
58.918073 54.074436
15.343205 78.230197
44.628200 90.609820
59.090417 21.890947
1.416889 65.017783
98.698621 81.234564
35.227997 32.067424
31.050927 39.438117
9.563517 37.831146
88.667494 77.962006
1.214450 47.218417
70.596432 21.147342
89.508508 73.708898
27.478375 71.554702
55.831920 86.006410
51.591353 61.347397
53.749480 53.519738
69.405834 43.954657
57.609761 95.215486
30.300317 97.859795
21.511175 76.761770
62.612645 71.689904
27.149633 1.537710
48.784234 99.376384
64.651099 65.223133
16.314324 47.260007
38.098015 26.402048
96.024560 76.657088
46.545920 7.778317
90.848280 8.909928
77.666020 99.765059
44.741994 43.420977
1.760874 80.300526
97.383235 68.528402
23.958524 27.339396
21.006228 40.971448
0 13 29.952548
0 20 11.789160
0 30 17.409905
0 33 16.605701
0 48 8.092087
0 58 10.454614
0 66 23.551854
0 84 8.058871
0 85 23.358830
0 87 19.108396
0 88 29.067694
0 105 15.108787
0 120 23.387483
0 139 29.582588
0 165 25.753015
0 168 5.544260
0 174 21.524168
0 184 28.294468
0 196 17.866812
1 7 15.471941
1 24 24.450710
1 27 19.180777
1 31 30.185597
1 47 19.724112
1 62 14.838176
1 67 18.453739
1 72 24.413075
1 81 18.501702
1 129 17.166506
1 132 12.312699
1 147 11.490009
1 166 23.669380
1 178 11.756123
1 182 3.647670
1 187 18.632862
1 194 30.748294
2 25 17.481447
2 36 6.405553
2 44 13.415603
2 77 21.855899
2 90 19.503486
2 142 17.018249
2 160 12.952347
2 162 24.445878
2 193 33.810622
3 29 36.472531
3 39 31.487426
3 41 27.330306
3 51 16.074647
3 52 18.730646
3 59 15.349497
3 77 28.524194
3 91 15.143961
3 97 18.773258
3 109 24.847160
3 110 9.902124
3 117 26.550639
3 119 18.731065
3 122 30.295639
3 145 9.776820
3 149 30.064201
3 153 20.513123
3 156 25.545132
3 157 12.801919
3 159 27.901292
3 167 14.776263
3 175 9.628309
3 192 19.112228
4 12 16.999772
4 26 27.527714
4 38 10.469136
4 49 24.224558
4 53 23.845126
4 55 24.367145
4 61 18.942007
4 68 14.265932
4 98 14.909517
4 100 14.906018
4 114 18.737308
4 125 28.909304
4 128 23.976082
4 146 16.719509
4 151 25.567588
4 154 22.883180
4 164 24.848261
4 176 28.029556
4 181 23.616663
4 185 22.088321
4 188 16.680558
5 6 28.170842
5 42 28.127544
5 46 16.427814
5 57 22.349481
5 60 17.393703
5 79 14.157089
5 107 30.762780
5 127 10.688983
5 140 8.729191
5 150 30.765461
5 172 30.679297
6 8 14.328373
6 16 22.556602
6 40 38.147175
6 46 22.561790
6 57 17.496175
6 60 16.061628
6 65 16.009901
6 70 32.897377
6 79 21.926514
6 82 30.362375
6 102 24.153919
6 104 19.146819
6 107 8.925479
6 116 19.480989
6 126 19.112937
6 127 22.916969
6 131 21.287225
6 140 30.108176
6 170 30.110060
6 171 37.218034
6 172 22.061595
6 198 7.467301
6 199 28.356417
7 24 13.638629
7 27 6.733467
7 47 10.651674
7 61 32.817275
7 62 16.556383
7 81 17.538171
7 89 8.414178
7 108 26.815209
7 128 21.199404
7 132 18.231461
7 135 24.877402
7 147 18.601387
7 155 32.338487
7 173 24.317778
7 178 30.908886
7 182 27.810472
7 185 22.941508
7 194 29.856495
8 16 7.053666
8 54 23.748421
8 65 25.643505
8 73 22.259746
8 76 17.258069
8 82 20.396909
8 92 15.658767
8 102 19.224032
8 104 11.653323
8 107 9.818042
8 123 22.645970
8 126 0.980603
8 161 29.539037
8 170 15.618377
8 186 33.314792
8 190 18.035973
8 198 12.927555
9 13 33.081210
9 18 29.750231
9 31 26.070123
9 32 3.423812
9 45 22.768084
9 56 18.944469
9 75 5.132771
9 83 20.839473
9 86 10.376514
9 103 5.473169
9 152 11.139830
9 166 29.589400
9 183 5.150483
9 184 21.714632
10 14 32.565117
10 21 20.642834
10 22 17.625699
10 23 15.174217
10 29 15.934649
10 37 31.468382
10 43 7.248730
10 63 23.785384
10 76 20.060246
10 82 30.626649
10 95 27.795813
10 99 18.581542
10 115 12.371919
10 119 26.271896
10 122 24.838475
10 124 16.987995
10 130 13.361191
10 131 36.181836
10 134 17.870809
10 136 17.569763
10 137 7.384204
10 156 36.947177
10 158 15.309382
10 164 21.444040
10 170 27.211953
10 171 24.084452
10 179 36.917854
10 180 15.221809
10 190 18.867310
10 195 0.947543
11 15 12.130891
11 17 15.233985
11 27 31.431545
11 49 21.414405
11 69 9.371916
11 81 21.125314
11 89 16.460400
11 108 15.990326
11 113 13.800228
11 128 21.382830
11 133 5.160933
11 135 26.075472
11 144 18.093295
11 146 23.313039
11 163 6.912537
11 169 7.779961
11 173 7.443301
11 176 16.864590
11 191 8.550244
11 197 16.816042
12 14 22.568873
12 38 21.505118
12 55 15.530449
12 68 6.862561
12 98 15.423244
12 100 16.292885
12 112 14.751003
12 114 18.031527
12 125 31.889123
12 138 14.112428
12 151 12.623773
12 158 37.797401
12 164 33.845487
12 181 11.246482
13 18 6.049591
13 20 15.756344
13 32 21.133179
13 48 21.659520
13 56 13.269486
13 58 36.431748
13 75 23.924677
13 78 27.909266
13 83 10.097588
13 84 32.478387
13 94 15.231191
13 96 14.726570
13 103 23.394505
13 105 9.993899
13 152 19.737402
13 165 11.642330
13 177 28.404961
13 184 19.752080
13 196 23.306821
14 23 8.631320
14 29 7.850925
14 43 14.691094
14 63 7.903968
14 68 26.274560
14 99 11.924918
14 100 26.078248
14 110 31.044891
14 112 14.989558
14 119 12.515964
14 122 29.578569
14 136 7.462482
14 137 17.091739
14 138 19.712454
14 145 14.515874
14 156 11.315729
14 158 14.934954
14 164 22.147943
14 167 21.884140
14 175 31.669255
14 180 32.533252
14 181 14.745451
14 195 24.416000
15 17 19.938557
15 24 19.333484
15 47 28.112405
15 69 24.371999
15 81 28.827562
15 89 27.246778
15 108 11.524075
15 113 4.389056
15 128 23.146724
15 133 6.327976
15 135 15.303744
15 144 32.920698
15 163 21.691646
15 169 20.725607
15 173 17.501633
15 176 30.828000
15 191 16.000970
15 194 21.976984
16 54 16.315836
16 65 33.242813
16 73 7.134321
16 76 18.309433
16 82 15.893119
16 92 10.521204
16 97 34.810705
16 102 24.407258
16 104 13.540368
16 107 16.949615
16 109 17.228490
16 122 25.740918
16 123 17.302221
16 126 7.959320
16 130 37.424180
16 161 10.910418
16 170 20.632000
16 186 32.956482
16 190 16.466325
16 192 22.395354
16 198 20.058657
17 49 14.416656
17 69 4.003201
17 89 30.202172
17 113 23.800903
17 128 13.552412
17 133 15.309480
17 143 16.462256
17 144 6.095186
17 146 17.915383
17 163 8.196968
17 169 12.375154
17 173 9.432275
17 176 6.271942
17 191 2.121201
17 197 11.460127
18 20 24.121276
18 32 25.970883
18 48 22.869977
18 56 25.321790
18 75 26.096051
18 78 22.515654
18 83 18.753640
18 94 8.628654
18 96 12.980632
18 103 19.550302
18 105 19.445044
18 152 20.022379
18 165 19.411872
18 183 34.920535
18 184 26.383084
18 196 21.373005
19 21 20.305663
19 22 17.120060
19 28 10.137146
19 33 25.855830
19 34 8.632130
19 35 11.347103
19 37 5.685092
19 45 21.690664
19 50 6.450949
19 64 12.916925
19 71 7.892996
19 74 22.158383
19 95 14.502642
19 106 20.465108
19 115 21.630074
19 121 20.323365
19 124 22.932941
19 134 20.458183
19 141 15.906082
19 148 24.634873
19 177 13.039103
19 179 17.608944
19 184 29.832157
20 30 25.875831
20 33 14.684342
20 48 8.331496
20 56 37.374272
20 58 19.335096
20 83 31.933507
20 84 14.953508
20 105 9.614695
20 165 14.170062
20 168 14.348484
20 177 22.012688
20 184 19.659123
20 196 15.855280
21 22 20.963143
21 28 15.955283
21 33 21.043215
21 34 11.879099
21 35 27.040180
21 37 10.223116
21 50 27.703996
21 64 24.013626
21 65 27.377471
21 71 30.567697
21 74 25.651785
21 85 32.851717
21 87 17.655548
21 88 24.949502
21 95 7.139907
21 101 22.673187
21 115 25.705387
21 120 26.074792
21 124 21.778388
21 130 20.634518
21 131 15.840646
21 134 7.246673
21 137 23.960607
21 141 11.495052
21 148 11.477092
21 171 24.372515
21 177 36.301909
21 189 24.126915
21 195 28.630152
21 199 17.872713
22 23 26.128887
22 26 20.050018
22 28 20.470260
22 34 11.814056
22 35 21.859580
22 37 13.248001
22 43 35.714039
22 45 24.101749
22 50 10.799345
22 53 15.861496
22 64 5.982591
22 71 18.028306
22 74 8.415289
22 95 17.221179
22 106 16.679805
22 111 13.448769
22 115 11.481164
22 121 14.526410
22 124 7.481298
22 134 23.700712
22 137 19.768592
22 154 19.535472
22 155 33.944676
22 158 24.481468
22 164 17.268061
22 179 7.572743
22 180 16.688669
22 188 34.662389
22 195 17.372919
23 29 16.711106
23 43 8.283861
23 53 24.954809
23 63 11.978272
23 99 13.965294
23 100 28.501240
23 112 17.175803
23 114 28.221390
23 115 12.863879
23 119 15.833110
23 122 36.643556
23 124 21.393524
23 130 30.689521
23 136 7.130967
23 137 13.362146
23 138 22.946224
23 145 31.562628
23 156 27.263494
23 158 5.104348
23 164 12.118010
23 179 28.456546
23 180 20.410048
23 181 21.674800
23 195 14.363860
24 27 26.362798
24 47 0.421377
24 81 7.430351
24 89 23.648504
24 108 14.828392
24 113 24.285006
24 132 19.161387
24 133 23.833708
24 135 13.587640
24 147 13.207430
24 182 23.598592
24 194 10.620648
25 36 9.592332
25 39 11.658321
25 41 20.172435
25 44 9.649062
25 51 27.139013
25 77 12.774701
25 90 12.303204
25 93 22.833491
25 117 20.338152
25 142 14.330580
25 149 27.349333
25 160 11.318587
25 162 28.728541
25 175 21.509939
25 193 19.273537
26 27 23.483885
26 38 21.701918
26 53 8.187676
26 61 18.260996
26 62 27.200968
26 64 27.752589
26 74 19.615096
26 100 34.565414
26 106 14.478536
26 111 6.160867
26 114 21.853406
26 121 6.877969
26 124 19.304782
26 132 20.746126
26 154 6.351888
26 155 7.512612
26 164 21.143799
26 178 34.961934
26 179 13.395574
26 180 29.439673
26 185 7.655034
26 188 8.522763
27 47 16.796715
27 49 23.641762
27 61 12.657646
27 62 19.607492
27 81 20.773437
27 89 7.729983
27 108 24.866365
27 128 14.913276
27 132 28.491955
27 135 36.760873
27 146 18.825500
27 147 16.444721
27 154 35.930551
27 155 22.627928
27 163 30.145085
27 173 21.164221
27 176 33.525112
27 178 20.721522
27 185 22.231755
27 188 29.713004
27 194 25.731203
28 33 20.639913
28 34 10.501259
28 35 11.890508
28 37 12.603004
28 45 19.608421
28 50 16.904711
28 58 20.015309
28 64 22.052610
28 71 16.880329
28 74 23.256854
28 84 17.926273
28 87 30.046635
28 88 25.476780
28 95 10.467313
28 134 28.107309
28 141 6.093652
28 148 12.198347
28 165 28.243279
28 177 12.943779
28 184 23.336213
29 43 14.990985
29 63 2.460604
29 76 20.174814
29 99 9.149045
29 110 34.197223
29 112 24.111436
29 119 11.216438
29 122 24.759399
29 130 37.048117
29 136 10.896933
29 137 27.944888
29 138 17.925687
29 145 19.566930
29 156 6.053633
29 158 14.951163
29 164 23.197046
29 167 24.557318
29 175 33.481765
29 180 36.785658
29 181 18.573310
29 195 30.810814
30 33 21.453509
30 40 15.261403
30 48 26.768241
30 58 21.914520
30 66 22.333257
30 70 19.273518
30 84 15.747310
30 85 21.784724
30 87 21.938104
30 88 17.625261
30 101 25.057659
30 116 25.528461
30 120 17.103191
30 139 9.658068
30 168 17.579461
30 172 36.686786
30 174 15.119708
30 189 26.943780
31 32 24.243138
31 67 16.994940
31 72 19.647732
31 75 21.196872
31 86 13.388285
31 103 20.181064
31 129 11.948911
31 132 29.584523
31 152 25.612326
31 166 10.083115
31 178 26.822094
31 182 25.904900
31 183 12.019252
31 187 7.558278
32 45 36.149940
32 56 12.705574
32 67 25.856396
32 72 37.755520
32 75 5.155584
32 83 21.279715
32 86 5.800255
32 103 4.770088
32 152 10.824158
32 166 17.291011
32 183 3.467074
32 187 20.565173
33 34 24.941186
33 35 31.608668
33 37 31.748902
33 48 17.886551
33 50 37.118271
33 58 5.869340
33 66 30.556050
33 84 10.626116
33 85 27.612190
33 87 20.538092
33 88 24.153525
33 95 31.448916
33 101 20.279595
33 105 25.421266
33 120 19.066280
33 139 23.353807
33 141 7.826108
33 148 14.520570
33 165 16.655520
33 168 22.331210
33 177 22.318761
33 184 17.115626
33 189 25.388287
34 35 13.979166
34 37 2.724050
34 45 30.009754
34 50 11.315972
34 64 18.586519
34 71 19.385069
34 74 15.178977
34 88 18.579518
34 95 6.745269
34 106 26.875705
34 115 17.915403
34 124 24.067361
34 131 30.376690
34 134 13.864284
34 137 21.642817
34 141 15.741393
34 148 18.291067
34 177 20.781656
34 179 26.959929
34 195 33.351715
35 37 17.133998
35 45 6.691775
35 50 7.742367
35 56 29.144502
35 64 21.792860
35 67 34.257096
35 71 7.147468
35 74 26.291179
35 83 18.701998
35 95 26.886766
35 106 28.327902
35 121 18.917950
35 141 19.343480
35 148 27.220970
35 152 21.045109
35 177 11.393980
35 179 33.658809
35 184 20.950715
36 39 27.848895
36 44 6.635309
36 77 23.551170
36 90 16.311715
36 93 39.425739
36 117 29.010295
36 142 16.466870
36 149 23.421090
36 160 7.847404
36 162 25.019705
36 193 27.679981
37 45 29.042850
37 50 10.909348
37 64 14.211941
37 71 12.932059
37 74 14.880975
37 88 29.334721
37 95 5.707140
37 106 24.997517
37 115 15.478393
37 121 25.534016
37 124 22.970252
37 134 13.340369
37 137 31.192839
37 141 21.599591
37 148 16.755682
37 177 21.324894
37 179 19.986210
37 180 34.758147
37 195 33.206560
38 53 15.649068
38 55 34.981874
38 61 9.890844
38 68 10.734427
38 98 16.721194
38 100 14.076521
38 111 22.168978
38 112 20.274104
38 114 8.366684
38 128 22.982695
38 146 28.071100
38 151 32.703143
38 154 11.547761
38 155 19.909229
38 158 29.973206
38 164 22.786659
38 180 36.107286
38 181 21.752319
38 185 16.783933
38 188 12.153075
39 41 15.114692
39 44 22.523071
39 51 19.358919
39 77 2.334312
39 90 31.084935
39 93 21.757040
39 110 19.268388
39 117 3.694277
39 138 21.791022
39 142 24.304082
39 145 17.992686
39 149 20.870348
39 159 22.519315
39 160 30.834446
39 167 31.795445
39 175 11.349753
39 193 29.719404
40 46 9.694775
40 57 10.319236
40 60 15.854782
40 66 13.851906
40 70 7.623627
40 79 25.004975
40 85 14.739862
40 87 15.831432
40 88 29.823462
40 101 20.723323
40 116 6.631982
40 120 14.039017
40 139 13.887590
40 140 24.591636
40 172 6.760836
40 174 9.565606
40 189 13.068700
40 199 23.853518
41 51 3.480361
41 52 29.203887
41 59 11.660858
41 77 15.564173
41 90 33.011053
41 91 27.919585
41 93 17.798770
41 110 18.534671
41 117 17.459505
41 149 6.627821
41 157 12.305054
41 159 1.867046
41 162 24.497348
41 175 21.016582
41 193 21.169781
42 102 19.800898
42 107 22.225729
42 118 7.470361
42 123 22.294851
42 127 11.537642
42 150 6.903276
42 186 36.355241
43 63 11.352769
43 76 35.199713
43 82 34.061338
43 95 38.809931
43 99 7.194251
43 115 13.701838
43 119 22.218529
43 122 24.530723
43 124 24.478252
43 130 20.510272
43 134 19.132624
43 136 14.945714
43 137 9.561322
43 156 19.694263
43 158 14.511398
43 164 21.125287
43 170 20.626900
43 171 26.314431
43 179 35.743453
43 180 18.967516
43 190 25.360843
43 195 6.152228
44 77 25.464387
44 90 13.044973
44 93 28.171341
44 117 28.286063
44 142 6.860154
44 149 30.238726
44 160 12.430048
44 162 14.460194
44 193 18.860838
45 50 10.705696
45 56 21.902792
45 64 14.520996
45 67 17.474401
45 71 11.823089
45 72 29.774155
45 74 20.252876
45 83 21.671500
45 86 26.698560
45 95 24.025615
45 103 17.341011
45 106 31.003422
45 121 24.791548
45 141 23.257224
45 152 20.091660
45 166 30.627412
45 177 11.658212
45 184 15.147977
46 57 7.637296
46 60 8.318483
46 66 31.695732
46 70 21.536968
46 79 9.844407
46 116 13.567355
46 127 27.871520
46 139 25.330752
46 140 13.144347
46 172 13.096071
46 174 31.650597
46 199 28.491651
47 81 6.685201
47 89 14.956469
47 108 15.159206
47 113 30.272367
47 132 27.253124
47 135 11.938178
47 147 11.150441
47 182 29.684028
47 194 9.197093
48 58 11.142565
48 84 10.671500
48 87 21.780053
48 105 10.330053
48 141 28.820443
48 165 20.132097
48 168 12.076533
48 177 31.939744
48 184 17.707462
48 196 22.833676
49 55 25.738972
49 61 28.892946
49 69 15.487261
49 89 20.541315
49 98 30.402714
49 125 18.851112
49 128 5.569119
49 133 25.067080
49 143 20.003472
49 144 13.940281
49 146 10.067739
49 163 13.118228
49 169 16.005764
49 173 9.807945
49 176 7.634836
49 191 16.097648
49 197 14.126277
50 64 11.547200
50 71 3.134252
50 74 15.186621
50 95 18.115609
50 106 22.246552
50 111 18.777132
50 115 25.324206
50 121 29.167392
50 124 25.348441
50 134 30.686414
50 141 19.213934
50 148 30.601632
50 177 12.405757
50 179 26.219694
50 184 25.651707
51 52 19.832046
51 59 12.181004
51 77 19.261482
51 90 34.446217
51 91 29.280070
51 93 24.489319
51 110 15.479082
51 117 16.679849
51 145 18.686134
51 149 13.888082
51 157 13.183463
51 159 4.922645
51 162 21.823231
51 167 21.806022
51 175 17.019298
51 193 24.847930
52 59 16.491686
52 91 10.049317
52 97 20.302715
52 109 17.125534
52 110 28.353351
52 153 13.431532
52 157 13.785200
52 159 26.015102
52 167 21.315918
52 192 16.079379
53 61 23.305557
53 62 35.961472
53 64 27.408795
53 68 19.991395
53 74 13.479298
53 100 24.888770
53 106 18.100760
53 111 10.992483
53 114 13.525840
53 115 20.137412
53 121 10.517836
53 124 18.512946
53 137 21.570087
53 154 5.532617
53 155 12.262741
53 158 19.407762
53 164 13.789844
53 179 15.755356
53 180 14.919018
53 185 10.460789
53 188 7.226607
54 73 21.541520
54 76 32.525207
54 92 4.086341
54 97 19.811648
54 102 24.521053
54 104 27.938092
54 107 26.989998
54 109 10.611531
54 123 24.122789
54 126 18.898162
54 153 18.744505
54 161 9.849347
54 186 13.874274
54 190 23.366808
54 192 15.738449
55 68 23.174807
55 98 8.719870
55 125 3.053694
55 128 37.385740
55 143 13.300733
55 146 24.205598
55 151 8.458573
55 176 32.837784
55 197 28.750101
56 75 24.494281
56 83 4.241950
56 86 20.009863
56 103 10.678387
56 105 16.348145
56 152 2.930998
56 165 14.498868
56 177 16.255069
56 183 28.394475
56 184 10.265859
57 60 2.654375
57 65 28.805433
57 66 24.452962
57 70 15.284502
57 79 9.841106
57 85 28.980043
57 101 18.739607
57 116 8.555589
57 120 29.964144
57 127 22.679084
57 139 27.750252
57 140 15.713869
57 172 5.213334
57 174 20.764958
57 189 19.004616
57 198 28.631281
57 199 18.793929
58 66 20.761175
58 84 2.455616
58 85 30.901524
58 87 22.697286
58 88 15.377298
58 101 21.734402
58 105 18.145816
58 120 16.839305
58 139 30.303592
58 141 15.459883
58 148 16.247670
58 165 15.578309
58 168 15.828463
58 177 16.124920
58 184 26.111121
58 189 33.905040
58 196 28.510116
59 91 14.126885
59 93 17.581104
59 110 32.072035
59 117 27.422545
59 149 21.255112
59 157 2.454535
59 159 8.235248
59 175 23.656041
60 65 21.715389
60 66 30.710995
60 70 12.051010
60 79 13.047867
60 85 31.918551
60 101 22.709928
60 107 21.346548
60 116 10.477368
60 120 33.352606
60 127 35.243753
60 139 19.531791
60 140 13.270410
60 172 8.080019
60 174 18.427221
60 189 24.960628
60 198 21.717321
60 199 15.348871
61 62 35.466399
61 68 34.919372
61 89 19.030971
61 98 19.187651
61 100 28.693830
61 111 26.606180
61 114 14.174541
61 121 23.540322
61 128 31.628618
61 146 21.905801
61 154 16.906196
61 155 13.972026
61 164 29.823010
61 176 20.150627
61 185 10.633961
61 188 8.995946
62 67 19.743080
62 72 15.304141
62 74 36.545217
62 106 18.414874
62 111 28.546392
62 121 23.025468
62 129 27.234095
62 132 6.319219
62 147 33.994293
62 154 20.900137
62 155 16.927992
62 166 20.352806
62 178 5.107654
62 182 23.024577
62 185 19.416644
62 187 29.569957
62 188 21.617768
63 76 34.423308
63 99 7.857871
63 100 25.884714
63 110 22.820232
63 112 12.241182
63 115 27.272234
63 119 8.291254
63 122 20.567371
63 130 34.058330
63 136 4.019507
63 137 21.426894
63 138 16.189445
63 145 19.170976
63 156 7.959344
63 158 17.258364
63 164 30.766151
63 167 21.211393
63 175 22.158249
63 180 32.866574
63 181 15.362162
63 195 23.657521
64 71 11.503709
64 74 4.747585
64 95 25.273778
64 106 7.471734
64 111 22.742084
64 115 17.109046
64 121 10.630824
64 124 12.127979
64 134 28.519256
64 137 22.328457
64 141 20.005104
64 154 30.782591
64 155 28.958038
64 164 33.216886
64 177 21.266225
64 179 11.601426
64 180 22.022083
64 185 21.842335
65 66 37.705313
65 70 23.941591
65 82 10.456994
65 85 33.808397
65 88 23.579254
65 101 16.955847
65 104 16.631986
65 107 30.391515
65 116 26.132703
65 120 18.619261
65 126 30.878622
65 130 18.405217
65 131 14.553518
65 134 21.026591
65 148 22.671050
65 170 9.430827
65 171 7.517091
65 172 32.882280
65 189 24.441496
65 190 26.470215
65 195 20.393014
65 198 13.898056
65 199 10.404503
66 70 11.508834
66 84 22.663193
66 85 3.726219
66 87 5.388898
66 88 10.752754
66 101 7.985795
66 116 10.070222
66 120 4.382610
66 131 26.869043
66 139 9.309597
66 148 25.084724
66 168 33.997017
66 172 14.509978
66 174 11.094013
66 189 5.329377
66 199 21.319608
67 71 21.440212
67 72 2.439327
67 86 19.375008
67 103 23.025660
67 106 19.272863
67 121 21.307897
67 129 10.999555
67 132 15.925615
67 155 20.942590
67 166 7.171297
67 178 12.176801
67 182 14.520188
67 187 22.588145
68 98 9.817929
68 100 11.694047
68 112 20.846515
68 114 13.859339
68 125 29.160787
68 138 33.287864
68 146 35.498636
68 151 11.660836
68 154 32.777271
68 158 25.418869
68 164 17.398890
68 181 11.330432
68 188 34.381735
69 89 33.561241
69 113 21.711180
69 128 15.695979
69 133 13.487101
69 135 27.797202
69 143 17.290955
69 144 8.589340
69 146 25.847822
69 163 6.820408
69 169 5.307869
69 173 11.862432
69 176 9.189016
69 191 2.858502
69 197 15.999227
70 79 20.662200
70 85 16.315640
70 87 17.888199
70 88 18.855913
70 101 11.486077
70 116 2.421911
70 120 13.106186
70 131 21.008006
70 139 10.865378
70 140 25.154482
70 148 37.086447
70 172 4.767438
70 174 20.254273
70 189 16.636856
70 198 32.974272
70 199 19.973079
71 74 13.811353
71 95 17.556101
71 106 18.532123
71 111 23.682020
71 115 23.238749
71 121 22.527935
71 124 31.170882
71 134 23.754731
71 141 16.423672
71 148 23.455146
71 177 22.258769
71 179 25.934229
71 184 32.602812
72 86 20.069303
72 103 18.973262
72 106 22.983297
72 129 9.008955
72 132 20.081786
72 155 34.539815
72 166 4.438196
72 178 8.699159
72 182 23.308159
72 183 34.374080
72 187 16.266255
73 76 11.580572
73 82 16.154700
73 92 15.126500
73 97 26.282489
73 102 21.201593
73 104 18.606908
73 107 21.683043
73 109 14.433627
73 119 30.237967
73 122 11.489600
73 126 14.967794
73 130 33.942259
73 161 10.587230
73 170 15.931519
73 190 12.583418
73 192 24.987577
73 198 29.660049
74 95 18.166823
74 106 7.486625
74 111 11.957981
74 115 23.945119
74 121 11.874261
74 124 16.223474
74 134 28.473656
74 137 18.851809
74 154 24.231741
74 155 18.875743
74 164 22.055993
74 179 6.815448
74 180 16.484092
74 185 22.210964
74 188 25.518434
75 83 19.175953
75 86 15.774813
75 96 36.062778
75 103 15.674209
75 152 22.086393
75 166 23.243247
75 183 6.438896
76 82 10.684759
76 92 24.479064
76 97 27.840314
76 99 30.721981
76 104 24.216985
76 109 33.228647
76 119 18.079571
76 122 4.751620
76 126 27.231080
76 130 22.321708
76 145 23.354904
76 156 24.221054
76 161 15.660708
76 167 30.897850
76 170 21.940719
76 171 19.954350
76 190 10.385512
76 192 25.482742
76 195 23.989315
76 198 25.566032
77 90 22.236645
77 93 20.743210
77 110 18.829855
77 117 3.893893
77 138 27.813916
77 142 19.710980
77 145 31.688686
77 149 16.215975
77 159 22.298185
77 160 29.960203
77 162 38.629240
77 175 12.964032
77 193 32.493977
78 94 5.740076
78 96 7.776211
78 196 33.210280
79 107 21.733762
79 116 26.370630
79 127 22.751631
79 140 5.445189
79 172 21.009285
79 198 24.427783
80 90 28.933122
80 93 25.127608
80 142 21.610115
80 162 10.755941
80 193 24.219998
81 89 30.401054
81 108 7.255396
81 113 25.120520
81 133 24.224555
81 135 7.863817
81 147 14.518326
81 194 4.399437
82 92 30.376773
82 104 13.897507
82 107 18.147966
82 119 19.744138
82 122 21.698317
82 126 22.010850
82 130 12.867458
82 131 19.505637
82 161 21.643548
82 170 6.112814
82 171 15.918852
82 190 4.395764
82 195 29.136350
82 198 20.886335
82 199 30.702208
83 86 30.003591
83 94 34.899760
83 96 31.458995
83 103 11.228044
83 105 20.790326
83 152 6.033261
83 165 16.498632
83 177 20.116733
83 183 27.258087
83 184 9.004094
84 85 27.683833
84 87 19.988047
84 88 27.738702
84 101 16.978175
84 105 23.512440
84 120 25.276015
84 139 21.771241
84 141 22.653212
84 148 27.614847
84 165 17.317639
84 168 18.731609
84 177 30.147399
84 184 30.356268
84 189 25.771309
84 196 27.796927
85 87 3.976933
85 88 7.092138
85 101 3.740910
85 116 13.493498
85 120 1.677862
85 131 18.969094
85 139 13.816275
85 141 22.405616
85 148 20.479265
85 168 36.565554
85 172 17.858410
85 174 15.638634
85 189 5.718458
85 199 16.475058
86 103 9.334106
86 129 23.579394
86 152 18.062545
86 166 16.146554
86 183 11.013876
86 187 14.162132
87 88 9.185402
87 101 6.493801
87 116 17.487014
87 120 4.346385
87 131 23.089717
87 139 9.894488
87 141 15.427405
87 148 15.445119
87 168 20.201509
87 172 23.204661
87 174 16.381203
87 189 9.728068
87 199 18.848062
88 95 26.367295
88 101 6.842991
88 116 19.746069
88 120 8.997951
88 131 16.078359
88 134 25.978957
88 139 20.774397
88 141 24.263069
88 148 12.272427
88 171 27.026395
88 172 19.742886
88 174 24.442239
88 189 9.869539
88 199 13.446491
89 108 27.425914
89 113 31.152549
89 128 13.246335
89 133 17.534859
89 135 34.306522
89 146 30.897739
89 147 22.508293
89 163 19.710485
89 173 12.565283
89 176 26.958753
89 185 22.638046
89 191 29.236345
89 194 24.788329
90 93 14.548720
90 117 17.154687
90 142 6.381957
90 149 19.695004
90 159 19.810388
90 160 29.758797
90 162 10.175668
90 193 5.779340
91 97 17.954854
91 109 12.746627
91 110 16.690000
91 122 21.592469
91 145 27.598815
91 153 17.388271
91 156 20.844153
91 157 14.268322
91 159 23.086538
91 161 23.053292
91 167 23.587983
91 175 18.383263
91 192 19.450657
92 97 21.240374
92 102 16.114791
92 104 30.498918
92 107 24.800822
92 109 14.493178
92 123 12.087005
92 126 11.785942
92 153 24.905326
92 161 8.287614
92 186 19.614253
92 190 21.385779
92 192 17.408888
93 117 14.681291
93 142 21.439146
93 149 5.656545
93 157 35.957751
93 159 17.073173
93 162 12.327096
93 193 4.556984
94 96 3.238153
94 105 25.285296
94 165 33.379448
94 196 16.364789
95 106 26.990340
95 115 15.422015
95 124 17.133749
95 130 19.596500
95 131 28.391375
95 134 8.792437
95 137 26.130544
95 141 11.580930
95 148 16.086961
95 171 29.449230
95 177 17.432544
95 179 23.675611
95 180 27.931589
95 195 21.974414
96 165 27.255826
96 196 20.565883
97 109 3.706794
97 122 26.734630
97 153 7.918303
97 161 18.115166
97 167 25.790482
97 192 3.126044
98 100 14.042345
98 112 23.877092
98 114 21.356738
98 125 13.410466
98 128 32.889431
98 143 32.756219
98 146 17.605252
98 151 6.952550
98 181 27.086356
99 112 31.450194
99 115 28.257268
99 119 7.259052
99 122 12.940149
99 124 20.635920
99 130 26.559503
99 136 9.962648
99 137 19.774328
99 138 26.537902
99 145 24.936715
99 156 17.185436
99 158 13.576798
99 164 33.966385
99 167 27.296393
99 170 31.069840
99 180 33.476125
99 181 30.821880
99 190 29.584080
99 195 12.576410
100 112 13.848267
100 114 11.644039
100 136 29.286457
100 137 24.826493
100 138 17.543071
100 151 20.209227
100 154 31.594935
100 158 18.153231
100 164 18.892969
100 180 28.530549
100 181 8.126666
100 188 25.317874
101 116 12.247970
101 120 3.416313
101 131 12.855645
101 134 26.183873
101 139 18.539651
101 141 29.611576
101 148 13.513672
101 171 21.236377
101 172 15.682824
101 174 28.523249
101 189 1.722216
101 199 13.081932
102 104 18.668185
102 107 17.723919
102 118 10.914278
102 123 6.970236
102 126 17.687763
102 127 21.738855
102 150 25.503554
102 161 25.866120
102 186 8.193618
102 198 38.215663
103 152 7.599035
103 165 33.065208
103 166 19.266086
103 177 34.384471
103 183 9.313603
103 184 27.225049
104 107 14.480834
104 122 23.538945
104 126 7.042299
104 130 21.681068
104 131 32.258961
104 161 22.518782
104 170 16.817971
104 171 23.580124
104 190 14.634467
104 198 5.595729
104 199 25.915045
105 141 31.791318
105 152 24.383443
105 165 3.485943
105 168 22.637379
105 177 29.367318
105 184 7.900820
105 196 12.820912
106 111 7.592400
106 115 31.975676
106 121 3.905309
106 124 16.602055
106 154 20.812715
106 155 9.964737
106 164 23.165220
106 178 31.129502
106 179 12.446959
106 180 27.877649
106 185 24.303608
106 188 17.926051
107 118 24.469572
107 123 17.014850
107 126 9.799374
107 127 27.058122
107 170 23.186566
107 186 26.638292
107 190 20.242789
107 198 11.334219
108 113 14.533459
108 133 22.069376
108 135 2.913316
108 147 27.854119
108 163 38.497906
108 173 26.457721
108 194 9.387755
109 122 18.690090
109 153 9.152365
109 161 17.132419
109 167 27.538807
109 192 1.616500
110 117 12.093817
110 119 20.605046
110 138 23.178023
110 145 10.528917
110 149 16.627131
110 156 17.559371
110 157 24.370849
110 159 20.810266
110 167 16.755883
110 175 3.655288
111 114 29.892576
111 115 22.849160
111 121 4.533887
111 124 19.159022
111 137 25.210365
111 154 5.739629
111 155 11.044943
111 158 20.111120
111 164 22.560545
111 178 25.023354
111 179 7.961584
111 180 22.189383
111 185 9.034199
111 188 8.805064
112 114 31.619527
112 119 34.179637
112 136 18.352086
112 138 7.816119
112 145 24.105907
112 151 35.335996
112 156 19.801143
112 158 24.317839
112 164 31.237920
112 175 26.007149
112 181 6.050766
113 133 12.743198
113 135 12.638550
113 163 21.091704
113 169 15.387602
113 173 17.731331
113 176 33.830352
113 191 24.045215
113 194 25.160432
114 121 35.985987
114 124 39.007681
114 136 23.901963
114 146 24.416208
114 151 29.834061
114 154 13.503869
114 155 33.936924
114 158 16.081026
114 164 12.996626
114 179 17.222843
114 180 18.184912
114 181 13.588509
114 185 25.917283
114 188 11.760037
115 121 25.625534
115 124 5.822972
115 130 18.901385
115 134 11.742838
115 136 21.541151
115 137 8.779014
115 158 23.602091
115 164 22.871304
115 171 21.769527
115 179 18.793687
115 180 9.769628
115 195 13.572463
116 120 13.049208
116 131 29.916030
116 139 21.520585
116 140 18.902760
116 172 4.024244
116 174 19.599247
116 189 17.103127
116 198 24.370051
116 199 15.137159
117 138 17.042645
117 142 30.487727
117 145 34.697904
117 149 16.579650
117 157 22.838242
117 159 18.872500
117 162 29.081196
117 167 30.720597
117 175 13.090913
117 193 28.404969
118 123 21.628384
118 127 21.505344
118 150 8.840104
118 186 14.276966
119 122 10.935001
119 130 17.189389
119 136 14.400075
119 137 25.349633
119 138 30.203579
119 145 12.746987
119 156 9.925826
119 158 21.793887
119 161 22.395099
119 167 11.355067
119 170 20.030268
119 175 22.265670
119 190 16.112595
119 195 25.125688
120 131 23.030383
120 134 31.896639
120 139 12.442035
120 141 33.201619
120 148 14.151006
120 171 34.947907
120 172 24.800989
120 174 28.086074
120 189 3.171897
120 199 13.173506
121 124 23.782199
121 132 30.018686
121 154 13.943517
121 155 7.840831
121 164 20.016243
121 178 33.775370
121 179 10.965976
121 180 19.960232
121 185 11.633546
121 188 19.157291
122 130 22.500979
122 136 24.448294
122 145 16.210013
122 156 16.715477
122 161 15.289996
122 167 18.988910
122 170 14.203186
122 190 9.687634
122 192 26.978352
122 195 24.810927
123 126 28.844132
123 150 25.002994
123 161 22.325506
123 186 2.399168
124 134 27.245361
124 136 33.414795
124 137 9.098687
124 154 23.562057
124 158 18.459630
124 164 15.237148
124 179 7.253580
124 180 8.463264
124 188 29.939194
124 195 14.514409
125 128 23.650754
125 143 18.401113
125 144 34.213507
125 146 23.077064
125 151 10.788730
125 176 19.634607
125 197 22.403422
126 161 19.157841
126 170 22.331236
126 186 31.189517
126 190 13.021298
126 198 16.073098
127 140 20.119175
127 150 22.208086
128 133 18.559711
128 143 29.110487
128 144 25.305428
128 146 6.339792
128 163 12.203527
128 169 27.356075
128 173 9.608662
128 176 3.835630
128 191 19.216785
128 197 24.066765
129 132 18.951408
129 147 28.470136
129 166 13.955500
129 178 17.228538
129 182 9.191845
129 187 6.894416
130 131 28.065672
130 134 22.614080
130 137 30.752139
130 170 8.250420
130 171 12.951316
130 190 16.760056
130 195 10.589911
130 198 32.196929
130 199 31.075541
131 134 13.732699
131 141 36.940320
131 148 12.927444
131 170 21.297573
131 171 8.876279
131 172 26.538803
131 189 15.881987
131 195 21.004932
131 198 25.640477
131 199 10.055653
132 147 15.466865
132 155 26.521945
132 166 25.867236
132 178 4.091543
132 182 11.480213
132 185 18.838725
132 187 17.282904
133 135 14.556023
133 144 22.851048
133 163 13.568361
133 169 9.908887
133 173 19.122510
133 176 18.120283
133 191 16.454179
133 197 21.866398
134 137 28.784329
134 141 15.006728
134 148 14.619006
134 170 20.394506
134 171 17.098229
134 179 22.156913
134 180 32.203448
134 189 28.833572
134 195 18.549698
134 199 30.315270
135 147 20.712703
135 163 34.658505
135 169 24.147317
135 173 28.502726
135 194 15.132272
136 137 21.061091
136 138 30.223337
136 145 24.704063
136 156 19.482735
136 158 8.699744
136 164 22.869761
136 167 23.705249
136 180 20.220773
136 181 15.034565
136 195 17.356019
137 158 10.014267
137 164 14.497906
137 179 19.069876
137 180 10.427290
137 181 38.463172
137 195 8.692714
138 145 17.669551
138 151 35.339135
138 156 24.232540
138 158 34.276825
138 167 25.034997
138 175 24.108187
138 181 14.283107
139 168 23.884711
139 172 21.090559
139 174 7.722756
139 189 11.447094
139 199 18.834765
140 172 22.079319
141 148 10.615987
141 165 21.749142
141 177 15.360877
141 184 27.028417
141 189 35.618159
142 149 23.529318
142 160 19.558745
142 162 14.398171
142 193 18.612207
143 144 19.530832
143 146 15.949385
143 163 23.429712
143 169 27.686806
143 173 28.690372
143 176 25.029733
143 191 19.958385
143 197 8.027435
144 146 24.706962
144 163 9.580080
144 169 12.084342
144 173 15.159992
144 176 19.385685
144 191 5.326924
144 197 10.424126
145 156 9.858823
145 167 5.598442
145 175 10.802022
146 151 31.604642
146 163 22.739962
146 169 34.239073
146 173 14.762913
146 176 8.503051
146 191 15.317627
146 197 17.904466
147 178 26.933841
147 182 14.145957
147 187 27.853821
147 194 21.123789
148 171 22.310741
148 177 28.197009
148 189 14.798338
148 199 27.168790
149 157 15.414705
149 159 9.929325
149 162 19.602229
149 175 18.100909
149 193 11.925214
150 186 19.550942
151 160 19.268530
151 181 27.688955
152 165 16.021427
152 166 25.997434
152 177 23.906670
152 183 23.675535
152 184 17.739059
153 157 26.634357
153 161 26.016833
153 192 9.372244
154 155 10.957523
154 158 20.048385
154 164 23.759636
154 179 12.226334
154 180 26.988596
154 185 9.161367
154 188 5.226436
155 164 25.297002
155 178 16.320671
155 179 20.525444
155 180 23.185079
155 185 5.171199
155 188 10.280305
156 158 25.339505
156 167 10.744560
156 175 19.649173
156 181 27.329190
157 159 11.447127
157 175 28.914600
158 164 13.482708
158 179 19.824307
158 180 15.081883
158 181 23.363722
158 188 26.269270
158 195 16.362639
159 162 24.234806
159 175 27.163362
159 193 19.408455
161 167 35.155810
161 170 36.574721
161 186 28.253444
161 190 21.446710
161 192 14.118938
162 193 4.215789
163 169 9.274026
163 173 4.529378
163 176 4.267253
163 191 6.449573
163 197 10.927497
164 179 11.174905
164 180 6.226133
164 181 22.843400
164 185 34.640041
164 188 14.273230
164 195 18.484912
165 168 30.785204
165 177 20.445575
165 184 8.229859
165 196 22.231700
166 178 13.917437
166 182 16.508339
166 183 26.915298
166 187 19.131795
167 175 14.862929
167 192 23.722525
168 174 31.635719
168 196 25.988363
169 173 18.077483
169 176 18.459654
169 191 9.486893
169 197 16.713248
170 171 11.356904
170 190 9.432765
170 195 26.249434
170 198 23.600934
170 199 33.547250
171 189 30.819678
171 190 29.397887
171 195 19.945420
171 198 22.665075
171 199 19.271460
172 174 18.376485
172 189 22.825915
172 198 22.739378
172 199 23.188167
173 176 5.203326
173 191 11.608037
173 197 15.577925
174 189 15.601125
176 191 13.360843
176 197 10.236143
177 184 8.566408
178 182 10.405877
178 185 18.134132
178 187 21.851428
179 180 16.150077
179 185 18.875846
179 188 21.665251
179 195 34.992331
180 181 32.218500
180 188 20.882495
180 195 21.063914
182 187 10.819414
183 187 28.859656
185 188 10.780167
189 199 12.665155
190 195 28.135892
190 198 27.760169
191 197 15.535307
198 199 21.413451
